   0.0000000e+00   7.6210093e-02   1.5550978e-01   1.3491246e-01   8.4449022e-02   8.2389289e-02   3.8105046e-02   7.4150360e-02   5.8702369e-02   8.0329557e-02   2.1524202e-01
   1.2202381e-01   0.0000000e+00   1.9940476e-01   1.4434524e-01   1.7857143e-02   1.1607143e-01   8.9285714e-02   7.4404762e-02   7.1428571e-02   4.9107143e-02   1.1607143e-01
   9.7243890e-02   6.0842434e-02   0.0000000e+00   1.5392616e-01   8.6843474e-02   1.5704628e-01   8.9443578e-02   9.8283931e-02   1.1388456e-01   7.6443058e-02   6.6042642e-02
   6.9392813e-02   5.7620818e-02   1.6976456e-01   0.0000000e+00   2.2304833e-02   2.1871128e-01   3.0978934e-02   1.2639405e-01   5.6381660e-02   1.8835192e-01   6.0099133e-02
   1.6200000e-01   3.6000000e-02   2.7800000e-01   5.6000000e-02   0.0000000e+00   5.2000000e-02   3.6000000e-02   5.2000000e-02   1.7800000e-01   1.0200000e-01   4.8000000e-02
   8.0497925e-02   7.0539419e-02   2.2655602e-01   2.7136929e-01   2.8215768e-02   0.0000000e+00   3.9834025e-02   1.2614108e-01   5.4771784e-02   5.8921162e-02   4.3153527e-02
   6.2809917e-02   1.2727273e-01   2.7933884e-01   8.9256198e-02   2.9752066e-02   7.1074380e-02   0.0000000e+00   3.8016529e-02   2.2809917e-01   2.9752066e-02   4.4628099e-02
   1.0336818e-01   5.6910569e-02   1.9976771e-01   2.2648084e-01   2.2067364e-02   1.7886179e-01   2.5551684e-02   0.0000000e+00   4.7619048e-02   1.1614402e-01   2.3228804e-02
   6.7428571e-02   5.1428571e-02   3.0742857e-01   8.6857143e-02   1.1314286e-01   6.9714286e-02   1.5542857e-01   4.0000000e-02   0.0000000e+00   5.2571429e-02   5.6000000e-02
   7.9781421e-02   2.1857923e-02   1.7814208e-01   3.4098361e-01   3.7158470e-02   8.6338798e-02   1.5300546e-02   1.3770492e-01   3.8251366e-02   0.0000000e+00   6.4480874e-02
   3.2806324e-01   8.0368906e-02   1.5810277e-01   1.2384717e-01   2.7667984e-02   7.6416337e-02   3.2938076e-02   3.1620553e-02   4.3478261e-02   9.7496706e-02   0.0000000e+00
